version https://git-lfs.github.com/spec/v1
oid sha256:a3add7f6a4010e14596f047624b9138d26a8de7be793735d3e1eb29d63027715
size 1327
